   frame time object_type object_id    x    y
0      1    5         car      1234  0.9  0.1
1      1    5         car      7649  0.1  0.1
2      2   10         car      1234  0.8  0.2
3      2   10         car      7649  0.2  0.2
4      3   10         car      1234  0.7  0.3
5      3   10         car      7649  0.3  0.3
6      4   10         car      1234  0.6  0.4
7      4   20         car      7649  0.4  0.4
8      5   20         car      1234  0.5  0.5
9      5   20         car      7649  0.5  0.5
10     6   20         car      1234  0.4  0.6
11     6   20         car      7649  0.6  0.6
12     7   20         car      1234  0.3  0.7
13     7   20         car      7649  0.7  0.7
14     8   20         car      1234  0.2  0.8
15     8   20         car      7649  0.8  0.8
16     9   20         car      1234  0.1  0.9
17     9   20         car      7649  0.9  0.9